48  Games
1.2000000000000002
443.9999999999998
0.9375

65  Games
1.3
1026.0
0.9230769230769231

99  Games
1.4000000000000001
1592.0
0.8585858585858586

88  Games
1.5
799.0
0.75

111  Games
1.6
1164.0
0.7117117117117117

110  Games
1.7000000000000002
2240.0
0.7272727272727273

83  Games
1.8000000000000003
1010.0
0.6385542168674698

68  Games
1.9000000000000001
1711.0
0.6764705882352942

63  Games
2.0
380.0
0.5396825396825397

63  Games
2.0
380.0
0.5396825396825397

89  Games
2.1
3229.0
0.6629213483146067

68  Games
2.3000000000000003
1776.0
0.5588235294117647

37  Games
2.5
706.0
0.4864864864864865

35  Games
2.6
2114.0
0.6285714285714286

12  Games
2.8000000000000003
449.0
0.5

10  Games
3.0
469.0
0.5

10  Games
3.0
469.0
0.5

14  Games
3.2
1134.0
0.5714285714285714

21092.0
